C   0
S  1  1.00
     8236.0000000	1.0000
S  1  1.00
     1235.0000000	1.0000
S  1  1.00
      280.8000000	1.0000
S  1  1.00
       79.2700000	1.0000
S  1  1.00
       25.5900000	1.0000
P  1  1.00
       18.7100000	1.0000
S  1  1.00
        8.9970000	1.0000
P  1  1.00
        4.1330000	1.0000
S  1  1.00
        3.3190000	1.0000
P  1  1.00
        1.2000000	1.0000
D  1  1.00
        1.0970000	1.0000
S  1  1.00
        0.9059000	1.0000
F  1  1.00
        0.7610000	1.0000
P  1  1.00
        0.3827000	1.0000
S  1  1.00
        0.3643000	1.0000
D  1  1.00
        0.3180000	1.0000
S  1  1.00
        0.1285000	1.0000
P  1  1.00
        0.1209000	1.0000
