Cl   0
S  1  1.00
   456100.0000000	1.0000
S  1  1.00
    68330.0000000	1.0000
S  1  1.00
    15550.0000000	1.0000
S  1  1.00
     4405.0000000	1.0000
S  1  1.00
     1439.0000000	1.0000
P  1  1.00
      663.3000000	1.0000
S  1  1.00
      520.4000000	1.0000
S  1  1.00
      203.1000000	1.0000
P  1  1.00
      156.8000000	1.0000
S  1  1.00
       83.9600000	1.0000
P  1  1.00
       49.9800000	1.0000
S  1  1.00
       36.2000000	1.0000
P  1  1.00
       18.4200000	1.0000
S  1  1.00
       15.8300000	1.0000
P  1  1.00
        7.2400000	1.0000
S  1  1.00
        6.3340000	1.0000
P  1  1.00
        2.9220000	1.0000
S  1  1.00
        2.6940000	1.0000
D  1  1.00
        1.0460000	1.0000
P  1  1.00
        1.0220000	1.0000
S  1  1.00
        0.9768000	1.0000
F  1  1.00
        0.7060000	1.0000
S  1  1.00
        0.4313000	1.0000
P  1  1.00
        0.3818000	1.0000
D  1  1.00
        0.3440000	1.0000
S  1  1.00
        0.1625000	1.0000
P  1  1.00
        0.1301000	1.0000
