N   0
S  1  1.00
    11420.0000000	1.0000
S  1  1.00
     1712.0000000	1.0000
S  1  1.00
      389.3000000	1.0000
S  1  1.00
      110.0000000	1.0000
S  1  1.00
       35.5700000	1.0000
P  1  1.00
       26.6300000	1.0000
S  1  1.00
       12.5400000	1.0000
P  1  1.00
        5.9480000	1.0000
S  1  1.00
        4.6440000	1.0000
P  1  1.00
        1.7420000	1.0000
D  1  1.00
        1.6540000	1.0000
S  1  1.00
        1.2930000	1.0000
F  1  1.00
        1.0930000	1.0000
P  1  1.00
        0.5550000	1.0000
S  1  1.00
        0.5118000	1.0000
D  1  1.00
        0.4690000	1.0000
S  1  1.00
        0.1787000	1.0000
P  1  1.00
        0.1725000	1.0000
