O   0
S  1  1.00
    15330.0000000	1.0000
S  1  1.00
     2299.0000000	1.0000
S  1  1.00
      522.4000000	1.0000
S  1  1.00
      147.3000000	1.0000
S  1  1.00
       47.5500000	1.0000
P  1  1.00
       34.4600000	1.0000
S  1  1.00
       16.7600000	1.0000
P  1  1.00
        7.7490000	1.0000
S  1  1.00
        6.2070000	1.0000
D  1  1.00
        2.3140000	1.0000
P  1  1.00
        2.2800000	1.0000
S  1  1.00
        1.7520000	1.0000
F  1  1.00
        1.4280000	1.0000
P  1  1.00
        0.7156000	1.0000
S  1  1.00
        0.6882000	1.0000
D  1  1.00
        0.6450000	1.0000
S  1  1.00
        0.2384000	1.0000
P  1  1.00
        0.2140000	1.0000
