B   0
S  1  1.00
     5473.0000000	1.0000
S  1  1.00
      820.9000000	1.0000
S  1  1.00
      186.8000000	1.0000
S  1  1.00
       52.8300000	1.0000
S  1  1.00
       17.0800000	1.0000
S  1  1.00
        5.9990000	1.0000
S  1  1.00
        2.2080000	1.0000
S  1  1.00
        0.2415000	1.0000
S  1  1.00
        0.5879000	1.0000
S  1  1.00
        0.0861000	1.0000
P  1  1.00
       12.0500000	1.0000
P  1  1.00
        2.6130000	1.0000
P  1  1.00
        0.7475000	1.0000
P  1  1.00
        0.2385000	1.0000
P  1  1.00
        0.0769800	1.0000
D  1  1.00
        0.6610000	1.0000
D  1  1.00
        0.1990000	1.0000
F  1  1.00
        0.4900000	1.0000
