Be   0
S  1  1.00
     6863.0000000	1.0000
S  1  1.00
     1030.0000000	1.0000
S  1  1.00
      234.7000000	1.0000
S  1  1.00
       66.5600000	1.0000
S  1  1.00
       21.6900000	1.0000
S  1  1.00
        7.7340000	1.0000
S  1  1.00
        2.9160000	1.0000
S  1  1.00
        1.1300000	1.0000
S  1  1.00
        0.1101000	1.0000
S  1  1.00
        0.2577000	1.0000
S  1  1.00
        0.0440900	1.0000
P  1  1.00
        7.4360000	1.0000
P  1  1.00
        1.5770000	1.0000
P  1  1.00
        0.4352000	1.0000
P  1  1.00
        0.1438000	1.0000
P  1  1.00
        0.0499400	1.0000
D  1  1.00
        0.3480000	1.0000
D  1  1.00
        0.1803000	1.0000
F  1  1.00
        0.3250000	1.0000
