F   0
S  1  1.00
    19500.0000000	1.0000
S  1  1.00
     2923.0000000	1.0000
S  1  1.00
      664.5000000	1.0000
S  1  1.00
      187.5000000	1.0000
S  1  1.00
       60.6200000	1.0000
S  1  1.00
       21.4200000	1.0000
S  1  1.00
        7.9500000	1.0000
S  1  1.00
        0.8815000	1.0000
S  1  1.00
        2.2570000	1.0000
S  1  1.00
        0.3041000	1.0000
P  1  1.00
       43.8800000	1.0000
P  1  1.00
        9.9260000	1.0000
P  1  1.00
        2.9300000	1.0000
P  1  1.00
        0.9132000	1.0000
P  1  1.00
        0.2672000	1.0000
D  1  1.00
        3.1070000	1.0000
D  1  1.00
        0.8550000	1.0000
F  1  1.00
        1.9170000	1.0000
