$aux_basis
H     0
S   1   1.00
      1.9620000              1.0000000
S   1   1.00
      0.4446000              1.0000000
P   1   1.00
      0.7270000              1.0000000
****
B     0
S   1   1.00
     52.8300000              1.0000000
S   1   1.00
     17.0800000              1.0000000
S   1   1.00
      5.9990000              1.0000000
S   1   1.00
      2.2080000              1.0000000
S   1   1.00
      0.5879000              1.0000000
S   1   1.00
      0.2415000              1.0000000
P   1   1.00
     12.0500000              1.0000000
P   1   1.00
      2.6130000              1.0000000
P   1   1.00
      0.7475000              1.0000000
P   1   1.00
      0.2385000              1.0000000
D   1   1.00
      0.6610000              1.0000000
D   1   1.00
      0.2109000              1.0000000
****
Be     0
S   1   1.00
     66.5600000              1.0000000
S   1   1.00
     21.6900000              1.0000000
S   1   1.00
      7.7340000              1.0000000
S   1   1.00
      2.9160000              1.0000000
S   1   1.00
      1.1300000              1.0000000
S   1   1.00
      0.2577000              1.0000000
S   1   1.00
      0.1101000              1.0000000
P   1   1.00
      7.4360000              1.0000000
P   1   1.00
      1.5770000              1.0000000
P   1   1.00
      0.4352000              1.0000000
P   1   1.00
      0.1438000              1.0000000
D   1   1.00
      0.3480000              1.0000000
D   1   1.00
      0.1803000              1.0000000
****
O     0
S   1   1.00
    147.3000000              1.0000000
S   1   1.00
     47.5500000              1.0000000
S   1   1.00
     16.7600000              1.0000000
S   1   1.00
      6.2070000              1.0000000
S   1   1.00
      1.7520000              1.0000000
S   1   1.00
      0.6882000              1.0000000
P   1   1.00
     34.4600000              1.0000000
P   1   1.00
      7.7490000              1.0000000
P   1   1.00
      2.2800000              1.0000000
P   1   1.00
      0.7156000              1.0000000
D   1   1.00
      2.3140000              1.0000000
D   1   1.00
      0.7163000              1.0000000
****
$end
